[Data Memory]
Size=2
Base=0

[Data Memory Content]
000:  88800000  88200000  4826007C  7C06005C  0C270200  18870280  88600000  48850000 
020:  4846003C  7C060028  0CA90280  0C4A02C0  252A4800  1C691800  44A50004  48A6003C 
040:  80060004  88A00000  44420004  00000000  18230300  48840004  48860000  7C060004 
060:  8880003C  44210004  00000000  00000000  00000000  00000000  00000000  00000000 
080:  00000000  00000000  00000000  00000000  00000000  00000000  00000000  00000000 
0A0:  00000000  00000000  00000000  00000000  00000000  00000000  00000000  00000000 
0C0:  00000000  00000000  00000000  00000000  00000000  00000000  00000000  00000000 
0E0:  00000000  00000000  00000000  00000000  00000000  00000000  00000000  00000000 
100:  00000000  00000000  00000000  00000000  00000000  00000000  00000000  00000000 
120:  00000000  00000000  00000000  00000000  00000000  00000000  00000000  00000000 
140:  00000000  00000000  00000000  00000000  00000000  00000000  00000000  00000000 
160:  00000000  00000000  00000000  00000000  00000000  00000000  00000000  00000000 
180:  00000000  00000000  00000000  00000000  00000000  00000000  00000000  00000000 
1A0:  00000000  00000000  00000000  00000000  00000000  00000000  00000000  00000000 
1C0:  00000000  00000000  00000000  00000000  00000000  00000000  00000000  00000000 
1E0:  00000000  00000000  00000000  00000000  00000000  00000000  00000000  00000000 
200:  00000001  00000002  00000003  00000004  00000005  00000006  00000007  00000008 
220:  00000009  0000000A  0000000B  0000000C  0000000D  0000000E  0000000F  00000010 
240:  00000011  00000012  00000013  00000014  00000015  00000016  00000017  00000018 
260:  00000019  0000001A  0000001B  0000001C  0000001D  0000001E  0000001F  00000020 
280:  00000000  00000000  00000000  00000000  00000000  00000000  00000000  00000000 
2A0:  00000000  00000000  00000000  00000000  00000000  00000000  00000000  00000000 
2C0:  00000001  00000001  00000001  00000001  00000001  00000001  00000001  00000001 
2E0:  00000001  00000001  00000001  00000001  00000001  00000001  00000001  00000001 
300:  00000000  00000000  00000000  00000000  00000000  00000000  00000000  00000000 
320:  00000000  00000000  00000000  00000000  00000000  00000000  00000000  00000000 
340:  00000000  00000000  00000000  00000000  00000000  00000000  00000000  00000000 
360:  00000000  00000000  00000000  00000000  00000000  00000000  00000000  00000000 
380:  00000000  00000000  00000000  00000000  00000000  00000000  00000000  00000000 
3A0:  00000000  00000000  00000000  00000000  00000000  00000000  00000000  00000000 
3C0:  00000000  00000000  00000000  00000000  00000000  00000000  00000000  00000000 
3E0:  00000000  00000000  00000000  00000000  00000000  00000000  00000000  00000000 
