[Data Memory]
Size=2
Base=0

[Data Memory Content]
000:  44010000  44040280  00000000  0C270200  48840004  48880280  7C080004  440402BC 
020:  18870000  44030000  44020000  48850004  44A50004  48A802C0  74080004  48A50040 
040:  0CA90000  0C4A02C0  252A5800  1D631800  44420004  48480040  7408FFD4  18230300 
060:  44210004  48280080  7408FFA0  00000000  00000000  00000000  00000000  00000000 
080:  00000000  00000000  00000000  00000000  00000000  00000000  00000000  00000000 
0A0:  00000000  00000000  00000000  00000000  00000000  00000000  00000000  00000000 
0C0:  00000000  00000000  00000000  00000000  00000000  00000000  00000000  00000000 
0E0:  00000000  00000000  00000000  00000000  00000000  00000000  00000000  00000000 
100:  00000000  00000000  00000000  00000000  00000000  00000000  00000000  00000000 
120:  00000000  00000000  00000000  00000000  00000000  00000000  00000000  00000000 
140:  00000000  00000000  00000000  00000000  00000000  00000000  00000000  00000000 
160:  00000000  00000000  00000000  00000000  00000000  00000000  00000000  00000000 
180:  00000000  00000000  00000000  00000000  00000000  00000000  00000000  00000000 
1A0:  00000000  00000000  00000000  00000000  00000000  00000000  00000000  00000000 
1C0:  00000000  00000000  00000000  00000000  00000000  00000000  00000000  00000000 
1E0:  00000000  00000000  00000000  00000000  00000000  00000000  00000000  00000000 
200:  00000001  00000002  00000003  00000004  00000005  00000006  00000007  00000008 
220:  00000009  0000000A  0000000B  0000000C  0000000D  0000000E  0000000F  00000010 
240:  00000011  00000010  0000000F  0000000E  0000000D  0000000C  0000000B  0000000A 
260:  00000009  00000008  00000007  00000006  00000005  00000004  00000003  00000002 
280:  00000001  00000000  00000000  00000000  00000000  00000000  00000000  00000000 
2A0:  00000000  00000000  00000000  00000000  00000000  00000000  00000002  00000000 
2C0:  00000001  00000001  00000001  00000001  00000001  00000001  00000001  00000001 
2E0:  00000001  00000001  00000001  00000001  00000003  00000001  00000001  00000001 
300:  00000002  00000005  0000000C  00000014  00000027  0000003D  0000006A  0000009E 
320:  00000101  00000173  00000244  00000334  000004E5  000006D5  00000A48  00000E3A 
340:  00001535  00001D31  00002B49  00003B75  000057FE  000078EA  0000B2F8  0000F668 
360:  00016D1B  0001F803  0002EBB3  00040AFF  000600BE  00085484  000C5F76  001134AE 
380:  00000000  00000000  00000000  00000000  00000000  00000000  00000006  00000000 
3A0:  00000000  00000000  00000000  00000000  00000000  00000000  00000000  00000000 
3C0:  00000000  00000000  00000000  00000000  00000007  00000000  00000000  00000000 
3E0:  00000000  00000000  00000000  00000000  00000000  00000000  00000000  00000000 
400:  00000000  00000000  00000008  00000000  00000000  00000000  00000000  00000000 
420:  00000000  00000000  00000000  00000000  00000000  00000000  00000000  00000000 
440:  00000009  00000000  00000000  00000000  00000000  00000000  00000000  00000000 
460:  00000000  00000000  00000000  00000000  00000000  00000000  0000000A  00000000 
480:  00000000  00000000  00000000  00000000  00000000  00000000  00000000  00000000 
4A0:  00000000  00000000  00000000  00000000  0000000B  00000000  00000000  00000000 
4C0:  00000000  00000000  00000000  00000000  00000000  00000000  00000000  00000000 
4E0:  00000000  00000000  0000000C  00000000  00000000  00000000  00000000  00000000 
500:  00000000  00000000  00000000  00000000  00000000  00000000  00000000  00000000 
520:  0000000D  00000000  00000000  00000000  00000000  00000000  00000000  00000000 
540:  00000000  00000000  00000000  00000000  00000000  00000000  0000000E  00000000 
560:  00000000  00000000  00000000  00000000  00000000  00000000  00000000  00000000 
580:  00000000  00000000  00000000  00000000  0000000F  00000000  00000000  00000000 
5A0:  00000000  00000000  00000000  00000000  00000000  00000000  00000000  00000000 
5C0:  00000000  00000000  00000010  00000000  00000000  00000000  00000000  00000000 
5E0:  00000000  00000000  00000000  00000000  00000000  00000000  00000000  00000000 
600:  00000011  00000000  00000000  00000000  00000000  00000000  00000000  00000000 
620:  00000000  00000000  00000000  00000000  00000000  00000000  00000010  00000000 
640:  00000000  00000000  00000000  00000000  00000000  00000000  00000000  00000000 
660:  00000000  00000000  00000000  00000000  0000000F  00000000  00000000  00000000 
680:  00000000  00000000  00000000  00000000  00000000  00000000  00000000  00000000 
6A0:  00000000  00000000  0000000E  00000000  00000000  00000000  00000000  00000000 
6C0:  00000000  00000000  00000000  00000000  00000000  00000000  00000000  00000000 
6E0:  0000000D  00000000  00000000  00000000  00000000  00000000  00000000  00000000 
700:  00000000  00000000  00000000  00000000  00000000  00000000  0000000C  00000000 
720:  00000000  00000000  00000000  00000000  00000000  00000000  00000000  00000000 
740:  00000000  00000000  00000000  00000000  0000000B  00000000  00000000  00000000 
760:  00000000  00000000  00000000  00000000  00000000  00000000  00000000  00000000 
780:  00000000  00000000  0000000A  00000000  00000000  00000000  00000000  00000000 
7A0:  00000000  00000000  00000000  00000000  00000000  00000000  00000000  00000000 
7C0:  00000009  00000000  00000000  00000000  00000000  00000000  00000000  00000000 
7E0:  00000000  00000000  00000000  00000000  00000000  00000000  00000008  00000000 
